Components: [[ 1.95493448e-01  1.64836296e-01  4.12169396e-02  1.03019468e-01
   2.33975023e-06  1.03018884e-01  2.65982631e-06  8.24186305e-02
   4.61617129e-08  1.44226871e-01  4.12150945e-02  8.24141689e-02
   2.22819107e-08  1.22640655e-08  1.90242560e-06  5.30087666e-08
   9.06219424e-11  2.04788967e-02  3.07328908e-01  1.02528110e-01
   1.02428296e-01  6.14818614e-02  4.09912745e-02  2.04936378e-02
   7.15439392e-06  1.14041416e-05  6.88508209e-06  3.48157749e-01
   7.93327681e-01  5.15423564e-08  3.57994335e-06  3.26911998e-07
   3.78736452e-09  3.23124633e-07  4.73737350e-10  2.06525664e-02
   1.50548315e-10  2.61675142e-11  3.40455052e-14  3.51353009e-02
   1.86322790e-02  1.03446247e-02  4.14342092e-03  3.57367884e-06
   2.06527003e-02  1.47396088e-07  2.02985536e-11  1.73943266e-13
   2.47944393e-02  8.30911648e-03  4.18488165e-03  2.10353646e-03]
 [ 9.72767547e-01  3.40711069e-02  9.07002639e-03  2.10688577e-02
   1.61974098e-04  2.10097998e-02  1.85637811e-04  1.70501383e-02
   3.77499766e-06  2.94689472e-02  8.93172484e-03  1.67637340e-02
   1.32690101e-06  1.03209130e-06  1.35591126e-04  4.31357568e-06
   6.04715324e-09 -5.03225336e-03 -6.57003299e-02 -1.53974486e-02
  -2.29070985e-02 -1.20348447e-02 -7.78705765e-03 -4.02863135e-03
   4.96278233e-04  7.86178966e-04  4.75354454e-04 -8.45949781e-02
  -1.93214943e-01  4.23356814e-06  2.48887277e-04  2.63971280e-05
   2.60349527e-07  2.61367785e-05  2.26074484e-08  7.52360511e-03
   9.17793234e-09  1.44599664e-09  3.01547275e-12 -1.84983287e-04
  -8.67142860e-03 -5.52373429e-03 -1.82176831e-03  2.48394496e-04
   7.53474564e-03  1.20977733e-05  1.03036984e-09  1.38580859e-11
   5.38871501e-03 -2.53121253e-03  8.26452372e-04  1.18256591e-03]] 
N components: 2 
Variance for each PC: [1.08330339e+09 5.22378893e+07] 
Variance ratio for each PC: [0.94697277 0.0456639 ] 
Total percentage of Variance: 1135541282.885486 
Original feature size: 52 
After SVD feature size: 2 
