Components: [[ 1.95329430e-01  1.64833917e-01  4.12162873e-02  1.03017942e-01
   2.27592010e-06  1.03017434e-01  2.60226492e-06  8.24173781e-02
   4.19766582e-08  1.44224650e-01  4.12142998e-02  8.24129342e-02
  -1.43199494e-08  6.84934439e-09  1.79454797e-06  4.75377941e-08
  -1.46976919e-10  2.04796635e-02  3.07341038e-01  1.02531138e-01
   1.02432342e-01  6.14841347e-02  4.09928234e-02  2.04943832e-02
   7.02478067e-06  1.12897111e-05  6.80845726e-06  3.48171473e-01
   7.93358186e-01  3.32010934e-08  3.51545628e-06  3.02331632e-07
  -7.06415289e-09  3.09395785e-07 -7.46310584e-10  2.06518437e-02
  -1.26509488e-10 -7.48846254e-11 -1.14336238e-12  3.51314294e-02
   1.86282693e-02  1.03424953e-02  4.14249981e-03  3.52557623e-06
   2.06519505e-02  1.17017099e-07 -1.85759995e-10 -4.36241925e-12
   2.47927720e-02  8.30708888e-03  4.18365002e-03  2.10283820e-03]
 [ 9.72786785e-01  3.41581457e-02  9.09239499e-03  2.11219034e-02
   1.61330605e-04  2.10639966e-02  1.85173448e-04  1.70925937e-02
   3.71271524e-06  2.95416512e-02  8.95119275e-03  1.68056607e-02
   6.89479392e-07  9.40239753e-07  1.34098366e-04  4.23034594e-06
   1.90183047e-09 -5.03015955e-03 -6.56292442e-02 -1.53722863e-02
  -2.28862926e-02 -1.20200605e-02 -7.77592395e-03 -4.02397028e-03
   4.95462276e-04  7.86479101e-04  4.75405620e-04 -8.45445375e-02
  -1.93114750e-01  3.92459508e-06  2.48487051e-04  2.60437550e-05
   7.09804367e-08  2.59727746e-05  1.29685112e-09  7.53666316e-03
   4.35043562e-09 -3.20308307e-10 -1.76052845e-11 -2.58877215e-04
  -8.77890154e-03 -5.58379631e-03 -1.84587129e-03  2.48279902e-04
   7.54736240e-03  1.16008921e-05 -2.57700658e-09 -6.55837712e-11
   5.37634195e-03 -2.57940137e-03  8.04675184e-04  1.17248857e-03]] 
N components: 2 
Variance for each PC: [1.08336914e+09 5.22410311e+07] 
Variance ratio for each PC: [0.94697279 0.04566388] 
Original feature size: 52 
After PCA feature size: 2 
