Components: [[ 2.59858291e-02  1.51975444e-01  3.88714523e-02  9.75015879e-02
   3.20457574e-03  9.44980356e-02  2.72207130e-03  7.91867732e-02
   1.91362857e-04  1.45751503e-01  4.90603096e-02  8.04215458e-02
   2.53833897e-03  2.24025309e-04  6.75797120e-03  3.15339348e-04
   1.10351508e-05  1.40863666e-02  2.05734387e-01  7.22425603e-02
   7.07748020e-02  4.71356535e-02  2.72474108e-02  1.64723640e-02
   6.49903570e-03  4.06768572e-03  2.44090408e-03  2.17158965e-01
   8.97528859e-01  8.35220340e-04  2.89555092e-03  1.34353142e-03
   7.56949598e-04  5.86581824e-04  5.80439515e-05  2.38477599e-02
   3.79218254e-06  3.21836710e-06  4.00281014e-08  6.12905440e-02
   4.87883327e-02  2.89811071e-02  1.40716913e-02  2.13511222e-03
   2.51833766e-02  1.32758045e-03  1.59945635e-05  2.20320911e-07
   3.70875404e-02  2.84614150e-02  1.86642077e-02  1.10931597e-02]
 [-6.90901150e-02 -1.21840300e-01 -3.77605606e-02 -6.98376769e-02
  -7.03723130e-03 -6.26839745e-02 -4.06462363e-03 -5.07955448e-02
  -6.18974486e-04 -1.10673545e-01 -4.19009783e-02 -5.63231217e-02
  -7.71725909e-03 -6.26634999e-04 -3.95650282e-02 -1.32140868e-03
  -2.57590191e-05 -2.30685173e-02 -7.16460058e-01 -1.24683467e-01
  -2.63082836e-01 -2.08919865e-01 -8.22347813e-02 -5.46478504e-02
  -3.08967785e-02 -1.89793002e-02 -1.04045972e-02 -3.18445654e-01
   3.79375543e-01 -2.39097994e-03 -1.01056815e-02 -4.72206887e-03
  -2.64386253e-03 -2.07820634e-03 -6.06573287e-05 -9.77805584e-04
  -2.33208778e-05 -1.37602892e-06 -6.65496456e-07 -1.12229296e-01
  -1.07074178e-01 -7.98663585e-02 -4.83799112e-02 -7.75542498e-03
  -5.26419605e-03 -4.30246357e-03 -2.56396455e-05 -1.39547310e-06
  -3.76123311e-02 -8.83248717e-02 -7.56444405e-02 -4.44259786e-02]
 [-6.24113659e-03  4.64443761e-01  1.12608721e-01  2.99137226e-01
   5.46692942e-03  2.85720115e-01  1.46713561e-03  2.36743354e-01
   2.78740559e-04  4.78607339e-01  1.59958602e-01  2.54251233e-01
   9.63668630e-03  1.10951207e-04 -4.44838634e-03  9.78660866e-05
   1.28974934e-05  3.81120725e-03 -3.44119546e-01  1.47155040e-02
  -1.38022513e-01 -1.27357323e-01 -2.67252699e-02 -2.09378142e-02
  -1.56381166e-02 -9.40957501e-03 -4.24048568e-03  9.99032405e-02
  -2.14831557e-01  4.08508083e-04 -3.60790974e-05  1.47401855e-04
   3.21791215e-04 -1.74389360e-04  4.09757857e-05  4.75377840e-02
  -1.50360260e-05  3.02148224e-05 -2.54161454e-07  6.55813317e-02
   2.19774742e-02  7.33699503e-03  5.26417976e-03 -3.14434507e-04
   4.51674576e-02 -2.25881645e-03 -2.12806979e-05  1.47942390e-06
   6.15396097e-02  1.47412911e-02 -1.26722226e-02 -8.56000634e-03]
 [-2.53340090e-02  1.28457195e-01  3.29242794e-02  8.31376787e-02
   1.14394142e-03  8.05429356e-02  2.96590462e-03  6.55275606e-02
   7.98175311e-04  1.95361034e-01  7.82493189e-02  8.16660648e-02
   1.50483852e-02  1.86708139e-04  1.98219011e-04 -2.76890577e-04
  -6.54244169e-06 -5.14198186e-02  2.84380319e-01 -6.53211211e-02
   1.37278240e-01  1.83953037e-01 -3.22555052e-03  1.01508772e-02
   2.81802939e-02  1.75588623e-02  4.90630714e-03 -8.44559557e-01
   5.67043263e-02  1.18223766e-04  1.32362442e-03 -1.25625285e-03
  -6.42587541e-04 -6.13665310e-04 -2.03841761e-04  2.62514775e-03
  -1.08847314e-05  8.69791044e-06 -2.49566525e-07 -1.48522429e-01
  -1.64299076e-01 -6.36997282e-02 -2.14095559e-02  1.40922243e-03
   2.63553475e-03  2.29707356e-04 -7.20012229e-05  1.35692088e-07
  -1.51641755e-02 -6.65836882e-03  2.26231460e-02  1.74912126e-02]
 [-2.80567322e-01  6.76287250e-02  7.68395097e-03  3.60990844e-02
  -1.96461183e-02  5.66906705e-02 -1.50912783e-02  2.98393258e-02
  -1.54918503e-03 -5.84610367e-03 -4.17874514e-02  1.49840355e-02
  -2.14838399e-02 -2.44408499e-03 -2.67039335e-01 -4.25146097e-03
  -5.10482368e-05  1.16672407e-03  1.11305802e-01  2.77864498e-02
   4.53830513e-02  2.41622083e-02 -5.75826045e-03 -2.21222736e-02
  -4.83060298e-02 -3.26369553e-02 -2.43321802e-02  2.84819422e-01
  -2.41400582e-02 -9.15142764e-03 -5.12046283e-02 -1.56950360e-02
  -9.29513545e-03 -6.39990054e-03 -3.82421130e-04  4.39486537e-03
  -3.82258535e-06 -5.35236447e-06 -3.31476030e-06 -4.75035296e-01
  -5.18557484e-01 -3.69974643e-01 -2.02086689e-01 -3.96691423e-02
  -7.58093340e-03 -1.20253038e-02 -6.27429838e-05 -4.99145007e-06
  -7.48605348e-02 -1.77257513e-01 -1.24155948e-01 -7.21603988e-02]
 [-9.15012190e-03 -4.75484949e-03 -7.47199760e-03  1.59385955e-03
  -7.85665410e-03  6.22907052e-03 -1.76781263e-03 -6.99992909e-04
  -2.83066597e-04  2.21217881e-02  3.99083521e-03  7.12049746e-03
   1.08796596e-03  2.56855553e-04  9.35451782e-01  1.51456724e-03
  -2.26753866e-05 -1.72887129e-02  2.97591359e-02 -2.28481585e-02
  -7.94923313e-02 -4.65568900e-02  3.80125528e-02  3.42330664e-02
   1.93883825e-02  1.28637037e-02  3.41070090e-03  7.59632029e-02
   2.59840096e-03  6.35756088e-04  7.29111078e-02  3.05342639e-03
   3.61905490e-03 -5.65628510e-04 -1.80202334e-04 -1.10861592e-02
   1.28334290e-05 -1.24103872e-06  5.43816664e-06 -1.36085701e-01
  -2.54096470e-01 -7.76587201e-02  3.62274592e-02  5.11676322e-02
  -1.75887611e-02 -6.48088454e-03  3.14093164e-05  1.66371699e-06
  -4.11219299e-02 -5.65402495e-02 -3.24643660e-02 -1.26627494e-02]
 [ 3.29035346e-02 -5.53896029e-01 -1.96217369e-01 -2.51177895e-01
  -5.83696147e-02 -1.24105992e-01 -3.15729247e-03 -7.30686009e-02
   2.51051900e-04  6.17381002e-01  3.40882935e-01  2.05311104e-01
   1.05596375e-01 -4.09041663e-04 -3.92777779e-02  1.80059166e-03
  -3.93539176e-06 -6.19024177e-03 -1.95887514e-02  9.08768776e-03
   4.04856566e-02  3.98198882e-03 -1.70789067e-02 -1.85186213e-02
  -8.55472557e-03 -5.78562177e-03 -1.99265968e-03  7.62848201e-02
   6.89419707e-04 -1.36156245e-03 -5.11750033e-03  6.80944383e-03
   5.19849323e-03  1.61095060e-03  3.61577917e-05 -2.40494654e-02
  -3.70385562e-06 -1.54834767e-05 -6.78169813e-07 -3.50787512e-02
  -4.07759533e-02 -2.76147261e-02 -5.07358225e-03 -4.09648550e-03
  -2.25151956e-02  1.33244098e-03 -6.49420871e-05  5.13586188e-06
   3.20157883e-03  1.50184407e-02 -1.50061678e-02 -9.03561147e-03]] 
N components: 7 
Variance for each PC: [0.02841037 0.00380664 0.00194483 0.00097326 0.00050196 0.00032084
 0.00024891] 
Variance ratio for each PC: [0.76905252 0.1030435  0.05264543 0.02634572 0.01358785 0.00868487
 0.00673797] 
Total percentage of Variance: 0.03620681193673809 
Original feature size: 52 
After SVD feature size: 7 
