Components: [[-3.97114728e-03  1.41439503e-01  3.47533369e-02  9.08146630e-02
   6.57695755e-04  9.05998787e-02  1.03070417e-03  7.43420775e-02
   1.32892586e-05  1.32534555e-01  4.12477243e-02  7.38944027e-02
   5.10656486e-04  7.84410648e-06 -3.07947210e-03 -7.14982814e-05
   2.76304014e-06  1.01976748e-02  1.52818118e-01  5.99107926e-02
   5.04042718e-02  3.17271092e-02  1.99382627e-02  1.03107483e-02
   5.55132465e-04  3.44496742e-04 -3.14443599e-04  1.83247132e-01
   9.29854773e-01  2.43343386e-05 -1.58567455e-04 -2.23015733e-04
  -7.90441715e-05 -1.43971561e-04  1.04276448e-05  2.25911295e-02
  -1.76627008e-06  1.14888485e-06 -1.54209000e-07  2.47554367e-02
   1.21432896e-02  4.69497790e-03  8.00425124e-04 -1.77032989e-04
   2.23514290e-02 -2.56157106e-04  3.57495567e-06 -2.81853134e-07
   2.78915046e-02  1.15506796e-02  5.45480192e-03  2.93653148e-03]
 [-9.84130903e-03 -1.29504210e-01 -3.76985714e-02 -7.30602960e-02
  -2.34871723e-03 -7.13236490e-02 -9.22116432e-04 -5.36825545e-02
  -3.22352919e-04 -1.08025295e-01 -3.34659767e-02 -5.59764930e-02
  -4.32668935e-03 -2.24308602e-04 -2.10136241e-02 -6.27074961e-04
  -1.13989500e-05 -1.93335312e-02 -7.72021051e-01 -1.27603788e-01
  -2.81550586e-01 -2.25658105e-01 -8.49895821e-02 -5.31580823e-02
  -2.37089425e-02 -1.43397278e-02 -6.00409846e-03 -3.17740733e-01
   2.87833092e-01 -8.81462352e-04 -4.37961991e-03 -1.82258117e-03
  -1.10251645e-03 -7.20064719e-04  4.34880617e-05  3.56963985e-04
  -1.56354782e-05  3.50155126e-06 -2.90946597e-07 -4.27790053e-02
  -3.49392786e-02 -3.37879160e-02 -2.42005403e-02 -3.41714179e-03
  -1.06729495e-03 -1.42281888e-03 -1.76911327e-06 -3.96743540e-07
  -2.43003047e-02 -6.55039824e-02 -6.00233413e-02 -3.44469000e-02]
 [-2.17351913e-02  4.76083801e-01  1.15197256e-01  3.05759594e-01
   4.40329468e-03  2.93504608e-01  6.97426300e-04  2.41862594e-01
   2.20931871e-04  4.87058815e-01  1.60757801e-01  2.58887039e-01
   9.06370549e-03  1.23541825e-05 -9.61743970e-03 -6.75063882e-05
   9.76533379e-06  3.34506624e-03 -3.02035301e-01  1.98776733e-02
  -1.22900526e-01 -1.14451308e-01 -2.31469811e-02 -1.95061695e-02
  -1.66389001e-02 -1.01051494e-02 -5.18870431e-03  1.08323840e-01
  -2.18779495e-01  3.60946259e-05 -1.52757273e-03 -5.64494515e-04
  -5.62446314e-05 -5.08249884e-04  1.14387012e-05  4.74977903e-02
  -1.63553112e-05  2.92821120e-05 -3.54727924e-07  4.71663436e-02
   1.85545721e-03 -5.09041104e-03 -9.16133082e-04 -1.45034756e-03
   4.44195027e-02 -2.96830361e-03 -2.78611289e-05  1.24873757e-06
   5.91185490e-02  1.08076661e-02 -1.47765952e-02 -9.98089012e-03]
 [ 3.88237518e-02  1.01292844e-01  2.81814683e-02  6.78131711e-02
   5.68328965e-03  6.04809143e-02  6.38555474e-03  5.33562778e-02
   1.12416709e-03  1.83539852e-01  8.31954343e-02  7.25628316e-02
   1.91064491e-02  6.72873450e-04  3.76305601e-02  5.56107884e-04
   6.27175829e-06 -5.05669555e-02  2.37386859e-01 -7.34335860e-02
   1.21440756e-01  1.72736096e-01 -5.31187408e-03  1.29098888e-02
   3.77293306e-02  2.38934079e-02  1.00868741e-02 -8.95030732e-01
   6.32632087e-02  1.93383935e-03  9.96906643e-03  2.03118930e-03
   1.19906648e-03  8.32122823e-04 -1.05465465e-04  1.94933375e-03
  -6.51074834e-06  1.10604324e-05  3.13260711e-07 -6.09562728e-02
  -6.88593538e-02  1.82818409e-03  1.35184881e-02  8.09578397e-03
   4.93576986e-03  3.21841518e-03 -5.18723770e-05  1.17408285e-06
  -1.51660264e-03  2.38509164e-02  4.44104772e-02  3.07195224e-02]
 [ 8.38655718e-02 -6.46160684e-03  1.09439816e-03 -7.04122819e-03
   3.57538114e-03 -1.27271100e-02  3.39839371e-03 -1.24304955e-02
   3.95149729e-04 -1.90924165e-02 -1.03268077e-03 -2.02199292e-02
   6.02853188e-03  1.67810532e-03  6.59751746e-01  3.29616378e-03
  -5.76205370e-06 -5.60012272e-03 -3.14587187e-02 -1.04333710e-02
  -7.86925838e-02 -6.02057070e-02  3.55035611e-02  2.97687022e-02
   2.47462465e-02  1.87588663e-02  1.04457159e-02 -4.89534226e-02
   1.05785989e-02  6.39944493e-03  7.45273967e-02  9.05175887e-03
   7.06381333e-03  1.98794554e-03  1.96928047e-05 -1.54892918e-02
  -3.40797169e-05 -1.71364538e-05  5.09073460e-06  4.01555910e-01
   4.21102774e-01  3.40006371e-01  2.13276002e-01  5.57071944e-02
  -1.66730890e-02 -1.25749451e-03 -1.32990887e-05  2.76603969e-06
   4.27844814e-02  1.40596600e-01  8.51207823e-02  4.35626721e-02]
 [-1.83638778e-02  5.57989201e-02  2.48314501e-02  1.87723455e-02
   1.01456853e-02  7.00563697e-03  5.06211933e-04  4.23502608e-03
   2.14959835e-04 -8.54605930e-02 -4.10554695e-02 -3.47868403e-02
  -9.79560975e-03  3.35805205e-04 -7.10766209e-01 -7.46869620e-04
   6.83169552e-06  1.52993070e-02 -3.18934766e-02  2.06688036e-02
   4.87743630e-02  2.19295966e-02 -2.27108003e-02 -2.61901528e-02
  -1.89001355e-02 -1.08514945e-02 -3.55032934e-03 -1.00408668e-01
   1.84929486e-03  1.70306842e-03 -4.61367874e-02 -2.15798582e-03
  -2.21969190e-03  6.17060791e-05  1.11081604e-04  3.91838421e-03
  -4.55628797e-05 -1.27824614e-05 -3.70015470e-06  3.44444412e-01
   4.96554688e-01  2.57417571e-01  6.41878803e-02 -3.09419456e-02
   7.07375206e-03  3.07281179e-03 -7.17579155e-05 -1.82121163e-06
   6.01541694e-02  1.24914222e-01  6.95350935e-02  2.81016715e-02]
 [ 5.54281672e-03 -5.53170771e-01 -1.96348937e-01 -2.52284031e-01
  -6.01247442e-02 -1.21892115e-01 -4.41538815e-03 -7.32611662e-02
   1.97497598e-04  6.14158469e-01  3.37225214e-01  2.02260719e-01
   1.05269335e-01 -3.25719897e-04 -7.83352054e-02  1.74542844e-03
  -1.10522974e-05 -5.41847489e-03 -2.13953926e-02  1.10359823e-02
   4.30064078e-02  2.77754954e-03 -1.79750362e-02 -2.25346645e-02
  -1.43458674e-02 -8.95309068e-03 -4.10240300e-03  6.39669279e-02
   1.78373034e-03 -9.66141031e-04 -6.05808610e-03  6.10798325e-03
   4.97493864e-03  1.13304461e-03  9.92984979e-06 -2.64673436e-02
  -1.96031571e-05 -2.20964695e-05 -8.65804004e-07  4.26329630e-02
   6.46951117e-02  3.68687296e-02  2.14007874e-02 -4.48089753e-03
  -2.61661781e-02  5.89664020e-05 -9.43500040e-05  4.77419330e-06
   1.19160885e-02  4.06792976e-02 -3.99560135e-03 -5.96620753e-03]] 
N components: 7 
Variance for each PC: [0.02871498 0.00365675 0.00194138 0.00097693 0.00039517 0.00030265
 0.00024697] 
Variance ratio for each PC: [0.7772511  0.09898022 0.05254897 0.02644329 0.01069629 0.00819201
 0.00668491] 
Original feature size: 52 
After PCA feature size: 7 
