Components: [[-1.67847395e-02 -9.97895510e-01 -8.56861897e-03 -2.39616473e-03
  -5.59470787e-03 -5.72093840e-04 -4.94822541e-03 -4.71115675e-04
  -4.39776948e-03 -7.36877241e-05 -9.96006841e-03 -4.17168612e-03
  -4.91723526e-03 -8.65159804e-04 -6.57982465e-05 -1.02035363e-02
  -2.02449364e-04 -1.52067490e-06 -1.09193794e-03 -3.68771204e-02
  -8.35279939e-03 -1.19033743e-02 -8.77695665e-03 -5.28201460e-03
  -3.87743633e-03 -3.06477645e-03 -2.27365445e-03 -1.65327548e-03
  -1.71012085e-02 -2.40363654e-02 -2.42058523e-04 -2.40742290e-03
  -8.14720373e-04 -4.78528479e-04 -3.36191894e-04 -9.93310107e-06
  -5.17129940e-04 -1.72508633e-05 -7.32578500e-06 -3.88476758e-06
  -1.76420515e-02 -1.42411297e-02 -1.47040293e-02 -8.26771197e-03
  -2.30169709e-03 -1.15451279e-03 -6.41149789e-04 -5.30456999e-06
  -7.50792457e-07 -3.79358900e-03 -7.81380958e-03 -6.37493765e-03
  -3.65779424e-03]] 
N components: 1 
Variance for each PC: [1005671.73534961] 
Variance ratio for each PC: [0.99321269] 
Total percentage of Variance: 1005671.7353496066 
Original feature size: 53 
After SVD feature size: 1 
