Components: [[-1.92311719e-02 -9.98108918e-01 -5.57830745e-03 -1.53407277e-03
  -3.70476569e-03 -3.62747300e-04 -3.37189229e-03 -3.65006093e-04
  -2.95918282e-03 -7.09816880e-05 -7.77550684e-03 -3.37628590e-03
  -3.53876914e-03 -8.85970621e-04 -5.81797546e-05 -1.32408139e-02
  -2.19472387e-04 -7.16700986e-07 -5.95243287e-04 -3.80580786e-02
  -7.66120281e-03 -1.14621412e-02 -8.76780829e-03 -5.59569279e-03
  -4.15710044e-03 -3.43252074e-03 -2.70387081e-03 -1.94788689e-03
  -1.26372930e-02 -8.75681151e-03 -2.08830571e-04 -2.96992508e-03
  -8.95783601e-04 -5.43599975e-04 -3.52183627e-04 -5.85878776e-06
  -5.50189783e-06 -2.80254025e-05 -1.22942616e-05 -6.67328048e-06
  -1.87118872e-02 -1.36413417e-02 -1.67453017e-02 -9.51413173e-03
  -2.95996662e-03 -6.43671549e-04 -6.43106269e-04 -5.04691211e-06
  -1.11733128e-06 -3.12472984e-03 -7.83132752e-03 -6.71580557e-03
  -3.74420393e-03]] 
N components: 1 
Variance for each PC: [1006040.31031946] 
Variance ratio for each PC: [0.99351643] 
Original feature size: 53 
After PCA feature size: 1 
